% plot equilibrium lines

x=[11:.2:50];

y1=x.^0*132.6;
y2=x.^0*308.6;
y3=x.^0*105.6;